%YAML:1.0

#--------------------------------------------------------------------------------------------
# Localization Parameters.       
#--------------------------------------------------------------------------------------------

# Run localization every LOCALIZATION_PER_FRAME frames
LOCALIZATION_PER_FRAME: 3

# Number of images to skip prior to localization. Set to 0 if no skip.
SKIPPED_IMAGES: 440

# 2018-06-23-12-46-26_0_z-filtered_4m.pcd is map for 2018-06-23-12-46-26_0.bag 
LIDAR_MAP_FILEPATH: "src/stereo_localization/res/2018-06-23-12-46-26_0_z-filtered_4m.pcd" 

NELDER_MEAD_ITERS: 150
SCENE_SIZE: 40
X_ROI: 30
Y_ROI: 60

#--------------------------------------------------------------------------------------------
# SGBM Parameters.       
#--------------------------------------------------------------------------------------------

SGBM.n_disparities: 64
SGBM.sad_window_size: 11
SGBM.pre_filter_cap: 15

#--------------------------------------------------------------------------------------------
# Camera Parameters.
# Camera.fx, .fy, etc must be the same as in LEFT.P
#--------------------------------------------------------------------------------------------

# Camera calibration and distortion parameters
Camera.fx: 690.6878510284205
Camera.fy: 690.4070560945236
Camera.cx: 633.4759793568744
Camera.cy: 379.0474946457819
Camera.width: 1280
Camera.height: 720 

LEFT.D: !!opencv-matrix
   rows: 1
   cols: 5
   dt: d
   data: [-0.17133083757747497, 0.026929992494427353, 0.0009495119036639311, -0.00023640686589512599, 0]
LEFT.K: !!opencv-matrix
   rows: 3
   cols: 3
   dt: d
   data: [690.6878510284205, 0.0, 633.4759793568744, 0.0,690.4070560945236, 379.0474946457819, 0.0, 0.0, 1.0]
LEFT.R:  !!opencv-matrix
   rows: 3
   cols: 3
   dt: d
   data: [0.9999346240199585, -0.0009897399284775627, 0.01139158026519184, 0.0009539994069631796, 0.9999946074095437, 0.003142457153890984, -0.01139462905038356, -0.003131384151857443, 0.9999301759933529]
LEFT.P:  !!opencv-matrix
   rows: 3
   cols: 4
   dt: d
   data: [563.7450680031019, 0, 633.4683456420898, 0, 0, 563.7450680031019, 385.850227355957, 0, 0, 0, 1, 0]

RIGHT.D: !!opencv-matrix
   rows: 1
   cols: 5
   dt: d
   data: [-0.17352865077672208, 0.028380124175226163, 0.0008313873392048611, -0.00024249606588661835, 0]
RIGHT.K: !!opencv-matrix
   rows: 3
   cols: 3
   dt: d
   data: [692.2640039329995, 0.0, 649.9003441811185, 0.0, 692.0822209679861, 372.09846726233513, 0.0, 0.0, 1.0]
RIGHT.R:  !!opencv-matrix
   rows: 3
   cols: 3
   dt: d
   data: [1, 2.184260801743609e-16, -2.713974878165715e-15, -2.314856573161849e-16, 0.9999950796914691, -0.003136971924072815, 2.712240154689738e-15, 0.003136971924072815, 0.9999950796914692]
RIGHT.P:  !!opencv-matrix
   rows: 3
   cols: 4
   dt: d
   data: [563.7450680031019, 0, 633.4683456420898, -67.64940816037222, 0, 563.7450680031019, 385.850227355957, 0, 0, 0, 1, 0]

#--------------------------------------------------------------------------------------------
# Extrinsic Parameters.     	  
#--------------------------------------------------------------------------------------------

# extrinsics for 2018-06-23-12-46-26_0.bag
LIDAR_TO_CAM.rot: !!opencv-matrix
   rows: 3
   cols: 3
   dt: d
   data: [0.84592974185943604, 0.53328412771224976, -0.0033089336939156055, 0.045996580272912979, -0.079141519963741302, -0.99580162763595581, -0.53130710124969482, 0.84222602844238281, -0.091477409005165100]
LIDAR_TO_CAM.trans: !!opencv-matrix
   rows: 3
   cols: 1
   dt: d
   data: [0.092240132391452789, -0.35709697008132935, -0.16055910289287567]

#--------------------------------------------------------------------------------------------
# Mapping Parameters
#--------------------------------------------------------------------------------------------

# If current scan's translation with previous kept scan does not exceed min_shift, throw away
MAPPING.min_shift: 4.0 

# Number of scans to add to map 	
MAPPING.added_num: 46

MAPPING.lidar_pose_filepath: ""
